-5.343823693692684174e-03
8.328163996338844299e-03
1.718941517174243927e-02
-8.575300686061382294e-03
-2.596702426671981812e-03
2.418551221489906311e-02
2.155645936727523804e-02
2.821230702102184296e-02
-5.873435176908969879e-03
-2.369626192376017570e-03
1.515446882694959641e-02
4.359868355095386505e-03
4.704673774540424347e-03
3.044715523719787598e-02
7.527609821408987045e-03
-1.058106124401092529e-02
-7.127335295081138611e-03
1.105727069079875946e-02
1.527834869921207428e-02
1.412208657711744308e-02
1.712753786705434322e-03
-5.818910896778106689e-03
0.000000000000000000e+00
-8.665011264383792877e-03
9.808809496462345123e-03
1.927933073602616787e-03
4.395459312945604324e-03
-8.431940339505672455e-03
2.196714282035827637e-02
1.185115706175565720e-02
6.114486139267683029e-03
-3.479759674519300461e-03
-1.037727389484643936e-02
-1.036684494465589523e-02
2.971478097606450319e-04
4.177772905677556992e-03
-1.884930767118930817e-03
1.855600439012050629e-02
-6.916788406670093536e-03
-5.999946966767311096e-03
1.396233588457107544e-02
-5.557545460760593414e-03
9.341186843812465668e-03
-1.150412764400243759e-02
-5.304932128638029099e-03
-7.050632033497095108e-03
-1.164255570620298386e-02
3.362442075740545988e-04
-8.272455888800323009e-04
-2.881593070924282074e-03
2.236526086926460266e-02
-7.464725524187088013e-03
-7.532767951488494873e-03
2.977971918880939484e-02
-4.088683985173702240e-03
-3.248489694669842720e-03
8.918257430195808411e-03
-1.188103482127189636e-02
1.997953280806541443e-02
1.000993326306343079e-02
-7.924748584628105164e-03
-8.612916804850101471e-03
3.035474754869937897e-02
-9.451130405068397522e-03
2.754807658493518829e-02
1.903045549988746643e-02
1.939411275088787079e-03
-1.691136695444583893e-02
3.787128021940588951e-03
8.673425763845443726e-03
1.188699062913656235e-02
-6.718580611050128937e-03
1.506161876022815704e-03
1.199327968060970306e-02
-5.120888352394104004e-03
-1.754288678057491779e-03
3.226637095212936401e-02
2.110110782086849213e-02
0.000000000000000000e+00
1.839722692966461182e-02
-7.582876365631818771e-03
3.044486045837402344e-03
8.380047045648097992e-03
4.066577181220054626e-03
3.858176246285438538e-02
2.398340404033660889e-02
1.294605154544115067e-02
-4.148330073803663254e-03
-8.170442655682563782e-03
4.920144565403461456e-03
-1.079715974628925323e-02
8.830809034407138824e-03
-1.742983423173427582e-02
-1.371560152620077133e-02
-5.633694119751453400e-03
-2.294327132403850555e-02
8.661391329951584339e-04
1.749292574822902679e-02
8.869397453963756561e-03
1.553406473249197006e-02
-1.263747550547122955e-02
3.580107539892196655e-02
1.120041590183973312e-02
2.618671208620071411e-02
3.995283972471952438e-03
-4.521032329648733139e-03
7.384435739368200302e-03
6.205030251294374466e-03
-6.781564559787511826e-03
5.243368796072900295e-04
-5.345164798200130463e-03
-1.021477580070495605e-02
1.995869213715195656e-03
-4.748418927192687988e-03
3.372589359059929848e-03
-1.472550095058977604e-03
-8.465739898383617401e-03
4.342613276094198227e-03
2.050498733296990395e-03
-8.503640070557594299e-03
-7.622458506375551224e-03
-3.184225060977041721e-04
2.068309485912322998e-02
2.057063952088356018e-02
2.067225985229015350e-02
3.376528155058622360e-03
2.160607650876045227e-02
-2.615425270050764084e-03
