1.595596224069595337e-01 2.114779353141784668e-01 -6.901671737432479858e-02 1.180329248309135437e-01 1.588051468133926392e-01 1.819808632135391235e-01 1.870901733636856079e-01 1.676587015390396118e-01 -6.940497457981109619e-02
1.288552395999431610e-02 1.114278472959995270e-02 2.330857887864112854e-02 1.957835108041763306e-01 1.712886840105056763e-01 -3.236990049481391907e-02 -5.917089059948921204e-02 1.922237426042556763e-01 1.995641440153121948e-01
-4.294782504439353943e-02 -4.810129478573799133e-02 1.082330569624900818e-02 -4.614848643541336060e-02 1.695703566074371338e-01 1.415067166090011597e-01 -7.179612666368484497e-02 1.052047312259674072e-01 1.530888229608535767e-01
7.243186980485916138e-02 1.902884840965270996e-01 6.414888054132461548e-02 3.257680311799049377e-02 -4.791417345404624939e-02 -1.099440827965736389e-01 -1.705062203109264374e-02 -1.193512380123138428e-01 -1.194753199815750122e-01
4.575766623020172119e-02 1.644677519798278809e-01 -1.109923720359802246e-01 8.286298811435699463e-02 9.127796441316604614e-02 -1.043263971805572510e-01 1.609338074922561646e-01 1.218034923076629639e-01 1.009805127978324890e-01
-9.470721334218978882e-02 -1.403410434722900391e-01 1.418772339820861816e-01 3.170334035530686378e-03 -2.912532538175582886e-03 -1.322797089815139771e-01 1.030700430274009705e-01 -5.790451169013977051e-02 -4.663480073213577271e-02
-9.583251923322677612e-02 8.650510013103485107e-02 1.349681615829467773e-01 -1.819393485784530640e-01 -8.049277216196060181e-02 6.101192533969879150e-02 -6.433135271072387695e-02 1.411573886871337891e-01 4.836419597268104553e-03
-1.174429804086685181e-01 3.944980725646018982e-02 6.482398021034896374e-05 -1.412182897329330444e-01 3.606650512665510178e-03 1.772691458463668823e-01 -1.599693112075328827e-02 5.029639601707458496e-02 1.379151642322540283e-02
1.026422008872032166e-01 1.444206386804580688e-01 1.399102360010147095e-01 1.828044354915618896e-01 -7.995907962322235107e-02 -1.058490723371505737e-01 7.743768393993377686e-02 -7.600580900907516479e-02 -7.179685682058334351e-02
1.761311143636703491e-01 1.198698803782463074e-01 1.245422661304473877e-01 3.871916234493255615e-02 -8.588322252035140991e-02 -5.783198773860931396e-02 2.956205792725086212e-02 -2.611769363284111023e-02 -1.140634939074516296e-01
-1.123127937316894531e-01 -1.241163164377212524e-01 -1.227103769779205322e-01 1.243283078074455261e-01 3.127599135041236877e-02 -1.225316822528839111e-01 6.849285960197448730e-02 9.627109766006469727e-02 1.313651949167251587e-01
8.354164659976959229e-02 1.801276057958602905e-01 1.899981498718261719e-01 2.434093691408634186e-02 2.441913634538650513e-02 4.598061740398406982e-02 2.044140547513961792e-01 1.496585607528686523e-01 -8.932057768106460571e-02
8.192782104015350342e-02 8.904261142015457153e-02 3.453178703784942627e-02 1.190722286701202393e-01 3.729223459959030151e-02 1.525514274835586548e-01 2.104411423206329346e-01 1.142087206244468689e-01 3.153314068913459778e-02
1.318168342113494873e-01 6.815350055694580078e-02 1.585148423910140991e-01 1.239993497729301453e-01 -6.541370600461959839e-02 7.501102518290281296e-03 3.940793499350547791e-02 4.378451034426689148e-02 -1.452711876481771469e-02
-2.624949906021356583e-03 1.152242422103881836e-01 9.624040871858596802e-02 1.019471362233161926e-01 1.563332229852676392e-01 1.847288608551025391e-01 -1.865031197667121887e-02 7.315310835838317871e-02 -4.262631013989448547e-02
1.754476428031921387e-01 7.550609111785888672e-02 8.975625783205032349e-02 -4.439011961221694946e-02 6.893830001354217529e-02 1.680577695369720459e-01 1.615638136863708496e-01 9.969967603683471680e-02 1.574735641479492188e-01
-1.436553746461868286e-01 4.090773314237594604e-02 6.601800210773944855e-03 2.808129880577325821e-03 -5.686637759208679199e-02 -1.989375054836273193e-02 1.435046195983886719e-01 1.147399991750717163e-01 1.377739757299423218e-01
3.649935498833656311e-02 1.162452623248100281e-01 -3.148264065384864807e-02 -5.293192714452743530e-02 9.361839853227138519e-03 -9.966716915369033813e-02 1.718989759683609009e-02 4.740027710795402527e-03 -1.211296319961547852e-01
1.647812426090240479e-01 -3.882957622408866882e-02 1.492426097393035889e-01 1.085923984646797180e-01 1.777248382568359375e-01 2.120030969381332397e-01 -6.660573650151491165e-03 1.894384026527404785e-01 -2.209397405385971069e-02
1.136553585529327393e-01 2.078246176242828369e-01 7.020199298858642578e-02 -6.801952421665191650e-02 3.304331377148628235e-02 1.294550001621246338e-01 -5.097004398703575134e-02 1.581743955612182617e-01 1.166792437434196472e-01
1.177741140127182007e-01 1.754509359598159790e-01 8.170857280492782593e-02 -1.715430058538913727e-03 -6.228335574269294739e-02 -1.568056344985961914e-01 -3.146418929100036621e-02 3.611002489924430847e-02 -1.220015585422515869e-01
6.949470192193984985e-02 1.011979132890701294e-01 1.843474209308624268e-01 2.903170324862003326e-02 5.016371980309486389e-02 1.253734976053237915e-01 -7.959573715925216675e-02 1.525825709104537964e-01 -1.007958501577377319e-01
2.057230919599533081e-01 7.015044242143630981e-02 1.939334347844123840e-02 8.411829173564910889e-02 1.386755853891372681e-01 1.333803832530975342e-01 1.248181462287902832e-01 1.456440240144729614e-01 -3.721749782562255859e-02
7.225402444601058960e-02 3.558522835373878479e-02 7.838048785924911499e-02 -1.880319043993949890e-02 1.101158857345581055e-01 1.236440315842628479e-01 1.337261348962783813e-01 2.002000957727432251e-01 -3.561552613973617554e-02
-4.604568332433700562e-02 -1.519608497619628906e-01 4.253650456666946411e-02 7.204724848270416260e-02 -8.871305733919143677e-02 5.480561032891273499e-02 1.746614277362823486e-02 1.143123954534530640e-01 6.029884144663810730e-02
1.214852929115295410e-01 1.806298196315765381e-01 1.194267794489860535e-01 8.764813840389251709e-02 1.339264810085296631e-01 5.480782315135002136e-02 1.775801181793212891e-01 -2.508921362459659576e-02 -9.322910010814666748e-02
-3.739197924733161926e-02 4.909933358430862427e-02 1.090140864253044128e-01 1.117214411497116089e-01 1.368419826030731201e-02 3.766917064785957336e-02 2.635349705815315247e-02 1.718863248825073242e-01 6.304597109556198120e-02
6.893600523471832275e-02 1.356399357318878174e-01 -1.373669803142547607e-01 -8.824288845062255859e-02 7.726193219423294067e-02 -1.425085067749023438e-01 1.452885270118713379e-01 1.154341362416744232e-02 -1.000054106116294861e-01
5.724247917532920837e-02 8.192683011293411255e-02 2.008192092180252075e-01 -5.158274248242378235e-02 3.870515525341033936e-02 8.241448551416397095e-02 -2.533435076475143433e-02 1.976983845233917236e-01 8.683794736862182617e-02
1.049823462963104248e-01 1.697580665349960327e-01 6.924189627170562744e-02 1.251025050878524780e-01 -4.990509152412414551e-02 -1.434185355901718140e-02 8.619379997253417969e-02 1.980630904436111450e-01 1.133315563201904297e-01
-4.472707957029342651e-02 -1.005865633487701416e-01 -1.233071163296699524e-01 1.388138830661773682e-01 1.325353533029556274e-01 -1.232713684439659119e-01 5.703401938080787659e-02 -5.380173679441213608e-03 4.362896829843521118e-02
1.511889994144439697e-01 4.124858602881431580e-02 9.725289046764373779e-02 1.315999180078506470e-01 1.466069668531417847e-01 8.530403673648834229e-02 1.197512149810791016e-01 1.029757559299468994e-01 -2.242346480488777161e-02
