-3.612656728364527225e-04
-2.431961707770824432e-03
-4.080554470419883728e-03
-1.080528274178504944e-02
-1.885260338895022869e-03
-6.164065562188625336e-03
-2.136735245585441589e-03
-3.794310614466667175e-04
-9.615565650165081024e-03
-6.406682543456554413e-03
-7.221397943794727325e-03
-1.080437656491994858e-02
-7.994527928531169891e-03
4.791871178895235062e-03
-7.168721873313188553e-03
-1.218442618846893311e-02
-1.421718578785657883e-02
4.618191160261631012e-03
-1.383036561310291290e-02
-1.478958223015069962e-02
-3.588085295632481575e-03
6.359575781971216202e-04
-1.321404054760932922e-02
-1.080333534628152847e-02
-1.306085032410919666e-03
-3.050877712666988373e-04
-1.372856367379426956e-02
-1.933510228991508484e-02
-2.124104276299476624e-02
-6.662129890173673630e-04
-8.622497320175170898e-03
-6.911081261932849884e-03
