-1.107286009937524796e-02
-8.918337523937225342e-03
-5.561623722314834595e-03
-4.851209931075572968e-03
-4.439211916178464890e-03
8.953362703323364258e-03
1.999773085117340088e-03
-1.924721989780664444e-03
1.531256246380507946e-03
-6.406433414667844772e-03
-2.978319069370627403e-03
4.430538392625749111e-04
-3.732602344825863838e-03
-4.046342335641384125e-03
-5.110865924507379532e-03
8.282312192022800446e-04
-4.449707455933094025e-03
-1.128868572413921356e-02
-2.266534138470888138e-03
2.122490201145410538e-03
-7.101805880665779114e-03
-9.337973315268754959e-04
-1.618710812181234360e-03
-1.048570871353149414e-02
-1.061591785401105881e-03
-2.160408184863626957e-04
-6.630416028201580048e-03
-4.943762440234422684e-03
-4.239232279360294342e-03
-1.197962835431098938e-02
-7.777513470500707626e-03
-3.871725348290055990e-04
-6.637327838689088821e-03
-2.269254066050052643e-03
-4.961840022588148713e-05
-2.648065099492669106e-03
-1.446669828146696091e-02
-1.051374617964029312e-02
-5.266969092190265656e-04
-5.001056008040904999e-03
-2.566887997090816498e-03
-6.544879171997308731e-03
-4.201343748718500137e-03
-2.710375934839248657e-03
-7.303865160793066025e-03
-6.185908801853656769e-03
-7.036511320620775223e-03
-7.395819295197725296e-03
-6.967167835682630539e-03
3.671872196719050407e-03
-5.823565647006034851e-03
-7.411050610244274139e-03
8.729358087293803692e-04
-1.709169009700417519e-03
-6.520333699882030487e-03
-4.877989646047353745e-03
-1.411245856434106827e-02
1.542855286970734596e-03
-1.171861682087182999e-02
-1.811285968869924545e-03
1.087104249745607376e-02
-2.796960761770606041e-03
-4.739353433251380920e-03
2.268158095830585808e-05
