0.000000000000000000e+00
0.000000000000000000e+00
0.000000000000000000e+00
4.322033821827204971e-38
0.000000000000000000e+00
0.000000000000000000e+00
0.000000000000000000e+00
0.000000000000000000e+00
0.000000000000000000e+00
0.000000000000000000e+00
0.000000000000000000e+00
0.000000000000000000e+00
0.000000000000000000e+00
0.000000000000000000e+00
9.999999403953552246e-01
0.000000000000000000e+00
0.000000000000000000e+00
0.000000000000000000e+00
6.622235356878789146e-25
0.000000000000000000e+00
2.816967211120387005e-21
0.000000000000000000e+00
0.000000000000000000e+00
0.000000000000000000e+00
0.000000000000000000e+00
0.000000000000000000e+00
8.564337943602907045e-28
4.541466863926732202e-34
0.000000000000000000e+00
0.000000000000000000e+00
0.000000000000000000e+00
0.000000000000000000e+00
0.000000000000000000e+00
0.000000000000000000e+00
0.000000000000000000e+00
0.000000000000000000e+00
0.000000000000000000e+00
0.000000000000000000e+00
0.000000000000000000e+00
0.000000000000000000e+00
2.113325233414409452e-33
2.539354324524153950e-33
0.000000000000000000e+00
0.000000000000000000e+00
9.999999403953552246e-01
2.244521515061211855e-34
0.000000000000000000e+00
0.000000000000000000e+00
0.000000000000000000e+00
1.571043676282333351e-15
0.000000000000000000e+00
0.000000000000000000e+00
0.000000000000000000e+00
2.101969536022204187e-21
0.000000000000000000e+00
2.591350400425527947e-37
0.000000000000000000e+00
0.000000000000000000e+00
0.000000000000000000e+00
0.000000000000000000e+00
0.000000000000000000e+00
0.000000000000000000e+00
0.000000000000000000e+00
0.000000000000000000e+00
2.174272073347343795e-38
2.562724621210281361e-27
4.487626180608261201e-35
2.441542294911774793e-16
0.000000000000000000e+00
1.394387664362529973e-19
2.904070936393834096e-26
2.691833727200258809e-21
0.000000000000000000e+00
2.822163008386717464e-14
1.673797981275747504e-27
0.000000000000000000e+00
1.287119805951513408e-28
0.000000000000000000e+00
1.301950174364179444e-21
2.392017921366805975e-31
0.000000000000000000e+00
2.469285442785462692e-09
1.679148954940577619e-29
1.388711747293027865e-21
1.814363757148385048e-03
5.290938811366832629e-22
0.000000000000000000e+00
0.000000000000000000e+00
0.000000000000000000e+00
2.305029317555673285e-30
0.000000000000000000e+00
9.356532692909240723e-01
0.000000000000000000e+00
2.008119981595628936e-24
8.244131764161549517e-19
2.652101895739024911e-22
1.396511270339295674e-12
3.195126398434693451e-17
0.000000000000000000e+00
3.367335035218638531e-30
3.562255962874025236e-34
5.116153929822889092e-23
1.648709093518131976e-20
0.000000000000000000e+00
4.473728704825013356e-28
3.120211202042519338e-14
4.428127167988385769e-34
0.000000000000000000e+00
9.999999403953552246e-01
7.900720405605510247e-31
7.576062412048651111e-21
1.528976961673068670e-20
4.996698349714279175e-03
2.136329091059763208e-12
1.213567129399085442e-23
1.560563592715400841e-25
3.700896640455655979e-27
4.917533205820021968e-22
1.625453039843174314e-20
3.848904105848699097e-23
0.000000000000000000e+00
5.712509900331497192e-02
1.236177670914818255e-14
5.159505307552766663e-24
1.944642135640606284e-04
7.846006278134057155e-29
0.000000000000000000e+00
1.134370937655141882e-23
4.941566391479946651e-17
5.442862160975892039e-09
5.783263408096206426e-13
5.934453292866237462e-05
4.491652882965269100e-11
5.844857078045606613e-04
1.002054336457271222e-16
1.122321293678396614e-07
6.796052436086608139e-12
9.901404976844787598e-01
6.664686299584846041e-14
9.974291021298434703e-23
1.780232183890007036e-09
3.485594364543596543e-15
4.738753877145396309e-13
3.111459889737488993e-08
1.409854455403092288e-09
6.408038100147450677e-09
1.244364160324362700e-11
6.189006196422042194e-09
7.344464393099769950e-06
1.288342218686011620e-06
1.574302106151302238e-15
8.823444604235765375e-19
1.730623374930774192e-22
1.073519584338100685e-07
1.563610907417967155e-10
9.999924302101135254e-01
8.057978587226559408e-15
9.776645638892578205e-13
2.718076575547456741e-04
9.794495231952703856e-15
4.635904449969530106e-03
1.717180531102258101e-08
7.181536181705139299e-13
4.476980564049881650e-09
8.089488255791366100e-05
6.752324936167009017e-13
1.737796446832362562e-05
4.239121553784030993e-10
7.790238676363969716e-09
4.673689907308542502e-11
5.144615400354268786e-09
4.539796429982366575e-16
1.892808683123803348e-07
2.646179377507017205e-14
2.380013373881606498e-11
6.275941899502868182e-08
3.453420447385724401e-07
1.078633293793984649e-09
1.870859803881907979e-12
6.095883264833901194e-08
2.025981812869837029e-12
3.404638515558389145e-10
3.163271912853815593e-06
5.349219378558700555e-08
7.804483490151298318e-17
4.469254519790410995e-03
2.150893005370413391e-11
9.998173713684082031e-01
9.095345376408658922e-06
7.835003410729850844e-16
4.816318805943005463e-16
7.985578170943696819e-11
1.084220719296551975e-37
7.268850642551689376e-22
1.663574197332548461e-17
2.953402232378721237e-03
1.598404943943023682e-01
2.489803564217148212e-34
0.000000000000000000e+00
8.618852298525325750e-09
4.001674706631775166e-36
8.932250026067902049e-29
1.705793330361132483e-16
0.000000000000000000e+00
4.543458658190502319e-07
4.143522330801729936e-11
1.107401862809713478e-13
1.681226269312219301e-10
3.941027780777117597e-16
6.335156010894849032e-11
1.987472730692826784e-23
7.265190532512733057e-11
3.741482594392647049e-15
4.335128143429756165e-02
4.757806915591826782e-19
6.110592875214497627e-18
0.000000000000000000e+00
2.101827739631190184e-10
2.186637004797375994e-08
5.597405872137528604e-10
2.413936325577662139e-27
3.489519397506385529e-31
9.999999403953552246e-01
1.102132712660178204e-34
1.421846366558334651e-23
1.522385426751304252e-21
2.068376107681356171e-19
6.810880108787387144e-07
7.926821112632751465e-01
9.317489135926212973e-14
9.341535791435040537e-13
1.624966677537165369e-28
1.329514772471611372e-15
4.932991259920527227e-08
8.564224117435514927e-04
7.090889142593279278e-36
3.893605059242164085e-20
3.750409149905209460e-10
6.997105352534093253e-23
3.218754676312905738e-14
4.173014024638962429e-17
5.086164475698318199e-11
5.759750857682599534e-14
4.448808040152902703e-20
7.659224081219178117e-19
1.123431127009048066e-15
1.864508135440701153e-06
6.476936279263207629e-18
1.643665257233806187e-07
1.033984346026217665e-34
4.358988297296708344e-18
2.326921877139432595e-19
1.354878197691385966e-31
0.000000000000000000e+00
2.799757332076372669e-26
2.256286284967523635e-33
0.000000000000000000e+00
8.914815326845880902e-24
3.085020506642668503e-31
2.060090690234222849e-23
1.104392325060190245e-25
7.269709538651335426e-28
3.292465087885846613e-38
1.091542397211722167e-25
0.000000000000000000e+00
0.000000000000000000e+00
1.548002287745475769e-02
0.000000000000000000e+00
4.269434301711989784e-29
0.000000000000000000e+00
5.375558331799368261e-10
0.000000000000000000e+00
7.732515385418673443e-20
0.000000000000000000e+00
9.999979138374328613e-01
0.000000000000000000e+00
1.286529632826827196e-10
4.437275217445201316e-36
3.493460613375969615e-37
0.000000000000000000e+00
0.000000000000000000e+00
0.000000000000000000e+00
2.126817207681597210e-06
9.325808850933826898e-27
0.000000000000000000e+00
0.000000000000000000e+00
9.999999403953552246e-01
3.359181406733255865e-32
0.000000000000000000e+00
1.251473897555624589e-33
0.000000000000000000e+00
0.000000000000000000e+00
0.000000000000000000e+00
0.000000000000000000e+00
3.728229339495526961e-22
0.000000000000000000e+00
1.284624660265056871e-31
7.583943903954860292e-16
6.047668642431119492e-34
1.696554556216932069e-32
1.979478383873356506e-06
6.218203485376662853e-32
1.468163861291843226e-23
8.790977647969129710e-29
5.962802487709944508e-29
9.998918175697326660e-01
0.000000000000000000e+00
9.511267452014024308e-17
1.741419575636369390e-34
4.071698640473186970e-05
9.236633302498282026e-25
2.671860366515087119e-29
0.000000000000000000e+00
0.000000000000000000e+00
1.648329842301836379e-14
0.000000000000000000e+00
4.676902096339782032e-29
6.711174132865355726e-34
0.000000000000000000e+00
0.000000000000000000e+00
4.068746740680272913e-21
5.002447150590971286e-29
4.965921497874286736e-37
3.780872960422664586e-32
0.000000000000000000e+00
7.145485239742552230e-15
2.503206214889729665e-19
3.581466257930303586e-27
0.000000000000000000e+00
3.497113839831533788e-12
0.000000000000000000e+00
0.000000000000000000e+00
0.000000000000000000e+00
0.000000000000000000e+00
1.633740750106235651e-13
0.000000000000000000e+00
0.000000000000000000e+00
3.137182841458050537e-21
1.252550206044113193e-27
2.647140670612641556e-35
6.708527412033660382e-16
4.521607309635731148e-38
0.000000000000000000e+00
0.000000000000000000e+00
0.000000000000000000e+00
3.184626202745880261e-38
0.000000000000000000e+00
3.622981186220500485e-18
0.000000000000000000e+00
4.553290507868102798e-27
5.866894137596749658e-27
1.713930873072462225e-24
0.000000000000000000e+00
3.009746298367423684e-28
0.000000000000000000e+00
1.335190998100005140e-34
0.000000000000000000e+00
1.903720636873847556e-20
2.500399794872960460e-27
1.702176648369442844e-24
1.559292707031514487e-21
1.579895481956480279e-21
0.000000000000000000e+00
0.000000000000000000e+00
9.999999403953552246e-01
3.667699872441447980e-34
5.938062016363706577e-36
1.330300517900110889e-26
3.903589691073294787e-12
7.859771580549852646e-17
1.801328594035599283e-26
2.047803037787093019e-25
1.619214339186263429e-35
9.570310014790285666e-30
0.000000000000000000e+00
2.043609803153635677e-20
0.000000000000000000e+00
6.544920615851879120e-04
6.565723980893480227e-27
0.000000000000000000e+00
5.357182621955871582e-01
6.872178459200987597e-30
0.000000000000000000e+00
3.358114284498020067e-28
5.818926729261875153e-04
5.025780992582440376e-04
1.354821579298004508e-04
1.315823872573673725e-03
3.486074274405837059e-04
6.469091176986694336e-01
1.725908718071877956e-03
4.797319415956735611e-04
1.513820316176861525e-04
5.338838673196732998e-04
5.456664366647601128e-04
3.830801579169929028e-04
3.540588659234344959e-04
6.705343548674136400e-05
2.613043761812150478e-04
1.692043384537100792e-03
1.311429194174706936e-03
1.551180379465222359e-03
4.112371243536472321e-04
8.792918920516967773e-01
4.169991007074713707e-04
7.025109371170401573e-04
1.426551118493080139e-02
1.377042935928329825e-04
7.145961280912160873e-03
1.920384238474071026e-03
4.300377622712403536e-04
9.999435544013977051e-01
1.560413511469960213e-04
4.725011996924877167e-03
4.564053670037537813e-04
6.580876652151346207e-04
7.428616285324096680e-01
6.433542585000395775e-04
2.090401103487238288e-04
4.291577497497200966e-04
2.994177339132875204e-04
4.393577575683593750e-03
1.302196760661900043e-03
7.469893316738307476e-04
2.161780139431357384e-04
6.861545844003558159e-04
2.443580655381083488e-03
1.212267161463387311e-04
4.013130092062056065e-04
1.733064564177766442e-04
2.881109248846769333e-03
1.421769615262746811e-03
1.423291163519024849e-03
4.629341710824519396e-04
4.373390111140906811e-04
5.868019652552902699e-04
1.894469314720481634e-04
3.140626649837940931e-04
1.797462580725550652e-03
4.678549303207546473e-04
1.241282280534505844e-02
3.511988818645477295e-01
2.941528335213661194e-03
1.718460023403167725e-01
5.380033398978412151e-04
1.047823484987020493e-02
2.772492298390716314e-04
2.422841207589954138e-04
7.145207491703331470e-04
6.868541240692138672e-04
2.026918809860944748e-04
4.295359365642070770e-03
7.899875054135918617e-04
1.229993924498558044e-01
1.853968249633908272e-03
7.690179045312106609e-04
2.288666291860863566e-04
1.853828877210617065e-02
7.198710809461772442e-04
8.785162935964763165e-04
5.816100165247917175e-04
2.502734132576733828e-04
3.691304009407758713e-04
3.678655717521905899e-03
2.583698835223913193e-03
1.652589417062699795e-03
5.700911278836429119e-04
8.485283255577087402e-01
5.935919471085071564e-04
1.276558497920632362e-03
3.063442744314670563e-02
5.922327400185167789e-04
1.681789569556713104e-02
3.492983290925621986e-03
1.221744343638420105e-03
1.033390290103852749e-03
2.432882756693288684e-04
5.173611920326948166e-03
7.390048704110085964e-04
7.930916035547852516e-04
4.513133689761161804e-02
6.753674824722111225e-04
3.668309072963893414e-04
7.748121279291808605e-04
9.091150132007896900e-04
6.043167784810066223e-03
2.616637619212269783e-03
1.177993486635386944e-03
3.484048647806048393e-04
7.734074024483561516e-04
6.735370960086584091e-03
1.884746889118105173e-04
4.246208991389721632e-04
3.101386828348040581e-04
3.536631586030125618e-03
2.000498585402965546e-03
1.630835118703544140e-03
6.006924668326973915e-04
6.242423551157116890e-04
8.382028318010270596e-04
2.708052634261548519e-04
4.436370509210973978e-04
3.710963763296604156e-03
7.200232357718050480e-04
4.488156735897064209e-02
1.512472610920667648e-02
2.835608087480068207e-03
7.827250957489013672e-01
4.188658203929662704e-04
1.429691538214683533e-02
4.588733427226543427e-04
2.552970254328101873e-04
3.986741066910326481e-04
3.466476919129490852e-04
1.629664620850235224e-04
7.347025871276855469e-01
5.719930529594421387e-01
5.079814000055193901e-04
8.701144251972436905e-04
5.424372502602636814e-04
1.146126815001480281e-04
2.040812250925228000e-04
6.034085527062416077e-04
3.646954428404569626e-04
4.399704630486667156e-04
2.501177950762212276e-04
3.202254301868379116e-04
2.523795934394001961e-03
2.165107522159814835e-03
1.547242514789104462e-03
3.858987183775752783e-04
8.448318839073181152e-01
3.991220437455922365e-04
9.277162607759237289e-04
2.629574947059154510e-02
5.052133346907794476e-04
6.860074587166309357e-03
2.537438645958900452e-03
1.769576338119804859e-03
5.618687137030065060e-04
1.576240174472332001e-04
2.798160305246710777e-03
2.851264178752899170e-02
4.209926119074225426e-04
6.835939828306436539e-03
4.412779235281050205e-04
2.605267218314111233e-04
6.041931337676942348e-04
1.331872642040252686e-01
5.066270008683204651e-03
1.345384633168578148e-03
5.807343986816704273e-04
2.152062079403549433e-04
6.853130180388689041e-04
2.644444108009338379e-01
1.056544424500316381e-04
3.016990958712995052e-04
2.948314067907631397e-04
2.376258606091141701e-03
1.281117438338696957e-03
1.188902766443789005e-03
4.393944982439279556e-04
5.334131419658660889e-04
5.044247373007237911e-04
2.076317759929224849e-04
3.532998380251228809e-04
2.462710952386260033e-03
3.975421423092484474e-04
4.628591239452362061e-01
4.596206825226545334e-03
2.559404354542493820e-03
8.281283080577850342e-04
2.057999663520604372e-04
6.973430514335632324e-03
3.959267633035778999e-04
1.398215827066451311e-04
0.000000000000000000e+00
6.326883866163206812e-38
6.631567975407798655e-19
6.852685588943842782e-24
7.157591171562671661e-04
0.000000000000000000e+00
0.000000000000000000e+00
6.431060382578596135e-14
0.000000000000000000e+00
0.000000000000000000e+00
1.480949049437185749e-05
0.000000000000000000e+00
6.337944835621556194e-09
2.020131444689054389e-19
9.166063806571964501e-17
2.582542034382808620e-22
7.737738627611179254e-08
3.765954056319768442e-31
4.161393130765092318e-24
0.000000000000000000e+00
8.449330678747622031e-15
1.330241933316170244e-13
1.616381098033712373e-19
0.000000000000000000e+00
0.000000000000000000e+00
1.260681804683293130e-15
8.576120599173009396e-04
1.995645835034933873e-26
0.000000000000000000e+00
0.000000000000000000e+00
9.999999403953552246e-01
0.000000000000000000e+00
0.000000000000000000e+00
4.206691989133211632e-25
1.744872561593317310e-35
1.454897704609100937e-17
1.176162791292900689e-12
6.239883802820647152e-21
1.969249111379630518e-15
0.000000000000000000e+00
8.219162972134549815e-25
2.436019945889711380e-03
9.968174695968627930e-01
0.000000000000000000e+00
1.633672633202180202e-29
1.166396008027601720e-19
6.241720164117349010e-26
1.284605836739883355e-22
1.186161043701038187e-33
2.060197168418653746e-08
2.007605407627153270e-23
5.257337151609537430e-19
2.863162766890610138e-23
2.754594469189797223e-11
4.563724051442896723e-11
0.000000000000000000e+00
1.046179392005797126e-07
0.000000000000000000e+00
2.101125222108096228e-19
0.000000000000000000e+00
0.000000000000000000e+00
0.000000000000000000e+00
0.000000000000000000e+00
0.000000000000000000e+00
2.687087317099212669e-07
2.072059884783428174e-11
3.904422142117785509e-21
1.994531089404614059e-31
0.000000000000000000e+00
2.483466523699462414e-04
3.339223621878772974e-05
9.631350254155082399e-18
6.897718248881622343e-20
1.336059570312500000e-01
5.454770455476649878e-29
0.000000000000000000e+00
3.933506499426780665e-25
0.000000000000000000e+00
4.484360133633461121e-19
0.000000000000000000e+00
4.308815581926440463e-35
6.182553452603548269e-18
2.455122476846538504e-12
1.124957497691735723e-31
1.509718738912368963e-11
4.632918249668033006e-22
0.000000000000000000e+00
0.000000000000000000e+00
3.925135180864639473e-21
6.371342108421573266e-21
0.000000000000000000e+00
2.475008930617261723e-17
2.074774980997504634e-24
6.477937912266948091e-17
5.699753523501151393e-17
1.992652684651826040e-16
6.141531866344279150e-34
6.296561022858301527e-21
2.642689771170918939e-14
7.141947719134907952e-18
1.410923294320679390e-16
2.177570568306919085e-09
1.537864887518614054e-13
1.273991983907762915e-05
1.664244919084012508e-04
1.319973203987552489e-19
0.000000000000000000e+00
1.226893080569667167e-24
9.999999403953552246e-01
2.791032481160821702e-23
2.507322604224840065e-29
2.188134005584596586e-12
5.867977575548305653e-17
3.973140736961125146e-21
1.372178795493670302e-18
5.284255738732090274e-17
2.203397711875117528e-21
1.251992761212165593e-18
0.000000000000000000e+00
3.084182651491573779e-07
0.000000000000000000e+00
2.879358362406492233e-03
9.383379833732131580e-20
1.068414750686156218e-23
9.966158270835876465e-01
1.835970258351139980e-23
2.368819794181312166e-14
7.177381959437307418e-15
5.256660282611846924e-03
1.967985881492495537e-03
1.976226631086319685e-04
1.613822532817721367e-03
6.536027649417519569e-04
6.844905018806457520e-02
4.121031612157821655e-03
8.706972585059702396e-04
2.613158139865845442e-04
3.574878349900245667e-02
7.306239567697048187e-04
8.127748151309788227e-04
4.981220699846744537e-04
2.036790247075259686e-04
7.065771496854722500e-04
2.608014736324548721e-03
2.242798451334238052e-03
1.676644547842442989e-03
1.053926534950733185e-03
8.252971172332763672e-01
2.833971288055181503e-03
1.176331657916307449e-03
2.933232113718986511e-02
4.878465551882982254e-04
1.571947336196899414e-02
3.507738932967185974e-03
9.234196622855961323e-04
7.120820810087025166e-04
5.525457090698182583e-04
1.069300156086683273e-02
4.516855406109243631e-04
2.227786229923367500e-03
1.289114635437726974e-02
7.147736032493412495e-04
3.795691300183534622e-04
6.221559015102684498e-04
6.967039080336689949e-04
1.043433621525764465e-01
1.153746061027050018e-02
5.139335244894027710e-02
8.681223844178020954e-04
8.070027688518166542e-04
4.501046147197484970e-03
1.973249309230595827e-04
3.917685709893703461e-03
2.957534743472933769e-04
3.583526704460382462e-03
5.437500309199094772e-03
1.520478515885770321e-03
6.118767196312546730e-04
6.441422156058251858e-04
4.408272914588451385e-03
2.825590781867504120e-04
7.442681817337870598e-04
2.892142860218882561e-03
4.185756295919418335e-02
3.748212382197380066e-02
1.102700680494308472e-01
3.588174004107713699e-03
7.830255031585693359e-01
1.431413460522890091e-02
1.394056901335716248e-02
2.924575470387935638e-03
1.627460937015712261e-03
6.952447001822292805e-04
4.919439088553190231e-04
2.026918809860944748e-04
1.765891443938016891e-03
7.899875054135918617e-04
9.047249914146959782e-04
1.809680368751287460e-03
5.174371181055903435e-04
2.133566158590838313e-04
3.446741029620170593e-04
6.945471977815032005e-04
8.785162935964763165e-04
4.571571189444512129e-04
2.502734132576733828e-04
3.691304009407758713e-04
2.562551526352763176e-03
2.271765377372503281e-03
1.587165053933858871e-03
5.437953514046967030e-04
8.096715211868286133e-01
4.823458148166537285e-04
8.952426142059266567e-04
3.063442744314670563e-02
5.922327400185167789e-04
1.681789569556713104e-02
2.480456372722983360e-03
9.755750070326030254e-04
5.780231440439820290e-04
2.306992537342011929e-04
5.023554433137178421e-03
3.964854404330253601e-04
7.776597631163895130e-04
1.042684074491262436e-02
6.456457776948809624e-04
3.668309072963893414e-04
6.039290456101298332e-04
3.251978778280317783e-04
6.043167784810066223e-03
1.537338015623390675e-03
9.665956604294478893e-04
2.602525928523391485e-04
7.734074024483561516e-04
4.965866450220346451e-03
1.840796903707087040e-04
4.208790487609803677e-04
3.101386828348040581e-04
3.494913224130868912e-03
1.292674685828387737e-03
1.458947430364787579e-03
5.478278617374598980e-04
6.242423551157116890e-04
6.182661163620650768e-04
2.624829357955604792e-04
3.976955485995858908e-04
2.618891187012195587e-03
4.885761882178485394e-04
4.488156735897064209e-02
9.286710061132907867e-03
2.835608087480068207e-03
1.067913020960986614e-03
3.899515431839972734e-04
1.429691538214683533e-02
4.588733427226543427e-04
2.409823209745809436e-04
8.786147809587419033e-04
7.809576927684247494e-04
3.906440688297152519e-04
2.446046657860279083e-02
2.432194771245121956e-03
1.195112010464072227e-03
1.809680368751287460e-03
1.504739630036056042e-03
2.403652324574068189e-04
3.647300472948700190e-04
1.502113183960318565e-03
8.785162935964763165e-04
1.720967818982899189e-03
5.591930239461362362e-04
6.812021019868552685e-04
6.324002519249916077e-03
4.525793250650167465e-03
1.951862010173499584e-03
9.787551825866103172e-04
8.096715211868286133e-01
9.684433462098240852e-04
1.897928072139620781e-03
5.768762901425361633e-02
1.642305287532508373e-03
1.681789569556713104e-02
4.410608671605587006e-03
7.122784852981567383e-03
1.091722515411674976e-03
3.309733001515269279e-04
5.260993260890245438e-03
7.938595954328775406e-04
7.776597631163895130e-04
1.069092098623514175e-02
1.109054777771234512e-03
5.196257843635976315e-04
1.573355169966816902e-03
2.977471798658370972e-03
8.439497090876102448e-03
2.770379651337862015e-03
1.169349881820380688e-03
4.277112602721899748e-04
1.606260077096521854e-03
3.611230477690696716e-02
2.820008376147598028e-04
5.811873706988990307e-04
5.294815055094659328e-04
3.919651266187429428e-03
2.318746875971555710e-03
2.126444596797227859e-03
8.908526506274938583e-04
1.113864243961870670e-03
9.796007070690393448e-04
4.374741110950708389e-04
7.762745372019708157e-04
4.705548752099275589e-03
6.988786626607179642e-04
4.297629892826080322e-01
1.227966509759426117e-02
5.366535391658544540e-03
1.091842772439122200e-03
4.329279763624072075e-04
1.457416359335184097e-02
7.806282374076545238e-04
2.474761859048157930e-04
3.415367356920363350e-22
1.370007758497507333e-13
6.555765930116308482e-10
2.504258044064044952e-02
6.292024772847071290e-05
8.269696168733412971e-20
1.614655754171526510e-27
1.590585299027225119e-07
2.234701061609544076e-19
2.490213792405935829e-19
5.134182865731418133e-04
8.004571605277606790e-27
1.746857924445066601e-05
2.156309086842611578e-08
3.102306855851111322e-09
2.103286078636301681e-07
3.096800469393201638e-07
1.309427809643949267e-15
1.230440554132739006e-12
2.870158940857161542e-18
2.055100480902183335e-07
2.313432501122036911e-10
6.158663162780797506e-11
7.690744742439026282e-12
1.229925945875531761e-28
8.785000460420633317e-08
3.719132626429200172e-03
1.106045918915221637e-12
1.849210699058964472e-16
1.280326247396397641e-21
9.994863867759704590e-01
3.547004513065721172e-23
1.707735054131039460e-18
2.145818634948946577e-15
5.808122537608040314e-13
1.210923841199473827e-07
2.901396341621875763e-02
2.179718587563958185e-15
3.355859519160730997e-07
1.537957987027429143e-16
1.058959031574602250e-09
9.949204921722412109e-01
9.999337792396545410e-01
6.083173595667166435e-19
1.154869204832644652e-16
8.780825844212358788e-09
2.670226367593858934e-17
1.312882441650842225e-10
5.780818185252556418e-11
2.971909870974620560e-11
2.494580986223127184e-09
1.453448689528458182e-12
5.250662711152494222e-14
1.777594849095009977e-09
4.570992195862544349e-10
1.411280272332893215e-12
3.413000376895070076e-05
2.849428476387481412e-20
7.011531355516353869e-10
1.037530243501486209e-17
3.421867057830469476e-19
6.697414448258812885e-27
1.280121009195056558e-10
2.184356603863450701e-21
3.996859021526688593e-08
2.012096045334033079e-10
1.724171495565492078e-25
4.290749990108165925e-34
0.000000000000000000e+00
3.216998268793479221e-14
9.798108935356140137e-01
3.320097698247652854e-22
7.344288248334215665e-26
1.680428908912290353e-06
0.000000000000000000e+00
0.000000000000000000e+00
1.218658356447688052e-32
0.000000000000000000e+00
1.162223962902775298e-11
0.000000000000000000e+00
0.000000000000000000e+00
4.312286332312176444e-32
1.777722608876930455e-12
0.000000000000000000e+00
2.983480216350864467e-12
1.763136201939597585e-29
0.000000000000000000e+00
0.000000000000000000e+00
4.744419803878753268e-17
1.685656317129328592e-27
0.000000000000000000e+00
1.657035021812647656e-20
9.515613839468558332e-32
2.067879917603517092e-25
1.687090942344902644e-27
3.030898952235150400e-18
0.000000000000000000e+00
2.859671938940315581e-29
1.572113987114483885e-14
1.071431796297392801e-19
1.670032980827464896e-27
1.653933509260241408e-06
1.635842025102700029e-24
1.197071280330419540e-02
1.358141540549695492e-03
4.614614921451391415e-25
0.000000000000000000e+00
1.932780687848008918e-29
9.999999403953552246e-01
3.090869932372984011e-25
0.000000000000000000e+00
2.271835114643757855e-15
3.168544416952782576e-21
9.851581340908590653e-24
2.517191383355557846e-21
3.241244841018517744e-15
8.720395290683539447e-33
3.489722331377070907e-21
0.000000000000000000e+00
7.339085072999296244e-08
0.000000000000000000e+00
1.465049180448960228e-19
1.297756034443963910e-14
5.051084555313871160e-30
1.723944819786993321e-06
3.404200553546112269e-25
1.810740251316500515e-12
3.265406393729264399e-25
1.430070847272872925e-01
1.140313805080950260e-03
1.846367085818201303e-04
1.352517749182879925e-03
5.929123726673424244e-04
9.395682136528193951e-04
2.501165494322776794e-03
1.699500135146081448e-03
3.013949026353657246e-04
2.677845768630504608e-03
5.639350856654345989e-04
9.397752000950276852e-04
1.175282173790037632e-03
1.479581987950950861e-04
1.233971328474581242e-03
1.740386825986206532e-03
1.763448934070765972e-03
1.510142465122044086e-03
6.073822733014822006e-04
8.219971060752868652e-01
5.699853878468275070e-03
8.587030461058020592e-04
2.608941495418548584e-02
1.479412661865353584e-03
1.245661526918411255e-01
4.771596286445856094e-03
9.740482200868427753e-04
4.527650016825646162e-04
1.365050906315445900e-03
6.912581622600555420e-03
3.487670037429779768e-04
1.369204837828874588e-03
7.662001531571149826e-03
5.559942801482975483e-04
8.449364304542541504e-01
1.703871297650039196e-03
4.969728179275989532e-04
8.429791927337646484e-01
3.253202885389328003e-03
1.137036178261041641e-02
3.080096794292330742e-04
7.243801373988389969e-04
3.476411337032914162e-03
1.572860346641391516e-04
2.710304455831646919e-03
3.552597190719097853e-04
3.020944772288203239e-03
1.895726076327264309e-03
2.004773356020450592e-03
4.763941687997430563e-04
5.990252830088138580e-04
8.937993552535772324e-04
3.088419325649738312e-04
7.277064723894000053e-04
1.629234640859067440e-03
4.271102603524923325e-03
4.633319005370140076e-02
9.920625947415828705e-03
2.765160286799073219e-03
7.231611525639891624e-04
3.144907066598534584e-03
1.468983851373195648e-02
1.413609832525253296e-01
6.315336213447153568e-04
7.814418058842420578e-04
5.520396516658365726e-04
2.182383759645745158e-04
1.780735095962882042e-03
7.899875054135918617e-04
9.111399995163083076e-04
2.037353347986936569e-03
6.396331591531634331e-04
2.462146803736686707e-04
4.778532311320304871e-04
6.945471977815032005e-04
9.882444282993674278e-04
5.387641140259802341e-04
2.502734132576733828e-04
4.266067699063569307e-04
2.562551526352763176e-03
2.349970862269401550e-03
1.587165053933858871e-03
5.753937293775379658e-04
8.096715211868286133e-01
6.324552814476191998e-04
9.620037744753062725e-04
3.063442744314670563e-02
7.351542008109390736e-04
2.026776410639286041e-02
2.979175187647342682e-03
1.013506553135812283e-03
5.970471538603305817e-04
3.028769860975444317e-04
5.654141772538423538e-03
3.964854404330253601e-04
8.307745447382330894e-04
1.042684074491262436e-02
7.018436444923281670e-04
5.406393902376294136e-04
7.655402878299355507e-04
3.611715510487556458e-04
9.447212330996990204e-03
1.737689482979476452e-03
1.233263872563838959e-03
2.857756044249981642e-04
7.734074024483561516e-04
4.965866450220346451e-03
1.840796903707087040e-04
5.074568907730281353e-04
3.575970185920596123e-04
3.494913224130868912e-03
1.477431971579790115e-03
1.629477832466363907e-03
5.478278617374598980e-04
6.979666068218648434e-04
6.616677856072783470e-04
2.923799329437315464e-04
4.588362353388220072e-04
2.618891187012195587e-03
6.123501807451248169e-04
4.799246415495872498e-02
9.286710061132907867e-03
2.835608087480068207e-03
1.067913020960986614e-03
4.646738234441727400e-04
1.577928103506565094e-02
6.917577120475471020e-04
2.838704094756394625e-04
1.067935489118099213e-03
7.737682317383587360e-04
4.378219891805201769e-04
2.843365306034684181e-03
1.515070092864334583e-03
1.444630092009902000e-03
1.953640487045049667e-03
1.080968650057911873e-03
2.693821152206510305e-04
4.037888720631599426e-04
1.733918092213571072e-03
1.059934031218290329e-03
9.624132653698325157e-04
4.635338264051824808e-04
7.637746748514473438e-04
4.499590955674648285e-03
5.387542769312858582e-03
2.013005781918764114e-03
1.081226044334471226e-03
8.096715211868286133e-01
1.097407890483736992e-03
1.509158988483250141e-03
6.252293288707733154e-02
8.695640717633068562e-04
1.681789569556713104e-02
4.645220004022121429e-03
1.999378437176346779e-03
7.996712811291217804e-04
3.922766190953552723e-04
5.765952635556459427e-03
9.180512279272079468e-04
8.758030598983168602e-04
1.191603951156139374e-02
1.282675541006028652e-03
5.920935072936117649e-04
1.085117808543145657e-03
6.850932259112596512e-04
9.378301911056041718e-03
3.113391576334834099e-03
1.276041381061077118e-03
4.995848867110908031e-04
1.743944711051881313e-03
1.251330040395259857e-02
3.351034538354724646e-04
6.232189480215311050e-04
5.924087017774581909e-04
4.320377483963966370e-03
2.456091111525893211e-03
2.343211788684129715e-03
9.866583859547972679e-04
1.146948197856545448e-03
1.086154137738049030e-03
4.937002668157219887e-04
8.729787077754735947e-04
4.946926143020391464e-03
7.606990402564406395e-04
8.628720045089721680e-02
1.404302660375833511e-02
5.796624347567558289e-03
1.119268941693007946e-03
5.152153898961842060e-04
1.628700084984302521e-02
8.885262650437653065e-04
2.726704697124660015e-04
2.697541958696092479e-07
7.766354883642634377e-07
7.248389301821589470e-04
4.181461463304003701e-06
1.158036902779713273e-04
2.066371962428092957e-06
1.698686330486864904e-10
1.138222869485616684e-03
1.005822758415320095e-09
2.011338734453360644e-10
9.999838471412658691e-01
7.332515150615392940e-10
1.267191721126437187e-03
1.100376812246395275e-05
4.644130531232804060e-04
3.833498340100049973e-05
5.728056281805038452e-02
3.437187201527081015e-09
3.980824258178472519e-04
8.590836375610422238e-12
8.214003406465053558e-03
5.941779363638488576e-06
2.009010873734951019e-02
8.838588883008924313e-08
6.919537100420758424e-13
2.299390471307560802e-04
1.922950497828423977e-03
4.831162314644643629e-08
2.854191507140058093e-06
1.817378136870217986e-09
1.270297728478908539e-02
2.335312776491349496e-10
1.782648584303103689e-09
7.680564522743225098e-01
9.575975354891852476e-07
2.521734313631895930e-05
7.170463795773684978e-04
4.201499905320815742e-06
3.181758569553494453e-03
1.301823360222442716e-08
6.425113679142668843e-05
8.656294085085391998e-03
6.954987645149230957e-01
9.674519787949975580e-06
1.562906959406973328e-07
6.117260636528953910e-05
1.711126174086530227e-08
1.658918918110430241e-04
2.618528696984867565e-06
2.705346014408860356e-05
3.778231985052116215e-05
1.875891030067577958e-05
3.665866461233235896e-05
4.007637035101652145e-03
2.661079342942684889e-04
7.892449502833187580e-07
8.220357820391654968e-03
1.020931449602358043e-06
3.697870299220085144e-03
6.153290377231002140e-11
5.436369576727884123e-09
5.083584220244574681e-09
5.759841224062256515e-05
5.863273755402076404e-11
3.764804003428279871e-27
1.020908288462685221e-10
5.303966868254856621e-31
5.311498965857185511e-31
0.000000000000000000e+00
2.555585222743317689e-15
6.963584418011323701e-18
4.116291302734003597e-26
0.000000000000000000e+00
1.436876616394294898e-30
1.788112854228529613e-06
0.000000000000000000e+00
0.000000000000000000e+00
0.000000000000000000e+00
1.582594166826822857e-09
0.000000000000000000e+00
2.233657700966965218e-38
0.000000000000000000e+00
7.874470949172973633e-02
0.000000000000000000e+00
2.560664458250982989e-10
0.000000000000000000e+00
0.000000000000000000e+00
0.000000000000000000e+00
0.000000000000000000e+00
0.000000000000000000e+00
5.998463444706336745e-13
1.018663861829011934e-32
3.452310194776484183e-37
6.599471662933358431e-36
2.471568708100017477e-36
1.059926232637048151e-24
0.000000000000000000e+00
8.023021512114709160e-33
7.033390220983947246e-35
8.922937696858271721e-36
0.000000000000000000e+00
4.416404144384932824e-19
1.329413511604923904e-26
2.048694353132028426e-18
2.302206203452783484e-10
2.217568651858710621e-16
0.000000000000000000e+00
3.933526059171295862e-28
9.999999403953552246e-01
1.016696780601569078e-27
5.768713310519799394e-27
2.326890455067181118e-27
1.083828323634792198e-25
9.999946951866149902e-01
0.000000000000000000e+00
4.764095443107661802e-21
0.000000000000000000e+00
3.436280167079530656e-06
0.000000000000000000e+00
1.033809149397768579e-11
0.000000000000000000e+00
0.000000000000000000e+00
1.723908125625395193e-12
0.000000000000000000e+00
2.134192025588844932e-19
1.406096541648848214e-24
0.000000000000000000e+00
0.000000000000000000e+00
1.284351097696756483e-10
9.999867081642150879e-01
3.047899118421154574e-13
1.017857903301505083e-17
4.240463104764200517e-23
3.446319293311239651e-13
9.998106956481933594e-01
4.884963961115929010e-11
3.599504863009000966e-13
6.359467192851298023e-07
7.263687642590326480e-24
2.564280724842283627e-23
2.861051307434699098e-14
7.051914014530865061e-35
1.763850221436769061e-08
2.125498478998054212e-38
1.638866356096831818e-22
9.222074282846749338e-24
9.999999403953552246e-01
4.590863282560158943e-30
1.552185402431405237e-08
1.230549950131942794e-12
2.798407158345180085e-37
1.775401983650226612e-06
2.377785313001368195e-05
1.310081643862703871e-11
1.124588809289707881e-15
1.661797475415330499e-18
4.936336139849117899e-08
4.581060127051804487e-14
1.096141232158000274e-19
2.067575660512225091e-15
0.000000000000000000e+00
5.268934567077485087e-15
2.198251197114586830e-03
5.191336249765754474e-11
1.100652484057424926e-14
2.331675786990672350e-04
1.002292498299237489e-15
1.464662818762008101e-05
1.233524837829236276e-09
2.444536672185604502e-18
6.765473469915302658e-37
1.004832027824282012e-20
1.316556197394902483e-09
3.268651015543404259e-14
6.475027663397318087e-20
3.935184209741260375e-12
7.732651866911022243e-14
2.288095311655900590e-19
6.354961045243467943e-13
5.361674437764918366e-10
1.805897960468691443e-15
5.495995910979878385e-13
2.696709884114656541e-37
1.474579335081216414e-06
1.459277004789427679e-10
4.242612137276650114e-32
1.771317739480999900e-18
8.182802008607453817e-19
1.797235450740064522e-11
4.095860003700164953e-14
9.975436925888061523e-01
1.568218076014246676e-13
2.841057023033499718e-03
4.544715862721204758e-03
9.398938273079693317e-04
9.862811304628849030e-03
1.023863209411501884e-03
7.169560994952917099e-03
1.681215874850749969e-02
3.273802809417247772e-03
1.418180647306144238e-03
2.170250983908772469e-03
2.027986105531454086e-03
5.581479053944349289e-04
4.756271373480558395e-03
5.552493894356302917e-05
2.544888528063893318e-03
1.438783132471144199e-03
4.963304847478866577e-03
4.220247210469096899e-04
4.631493706256151199e-03
1.405907887965440750e-02
3.291645785793662071e-03
4.152018111199140549e-03
3.799675498157739639e-03
9.447323083877563477e-01
1.456551998853683472e-01
1.583712734282016754e-02
1.046077348291873932e-02
1.407371717505156994e-03
2.147042891010642052e-03
2.175003662705421448e-02
1.244917279109358788e-03
3.123746020719408989e-03
9.766464354470372200e-04
6.744319107383489609e-03
2.733850181102752686e-01
2.119712065905332565e-03
1.274112029932439327e-03
9.558268785476684570e-01
1.206092070788145065e-02
4.769807681441307068e-03
1.798562123440206051e-03
4.010580945760011673e-03
2.463346347212791443e-03
8.627533679828047752e-04
2.329137874767184258e-03
1.718937186524271965e-03
5.863129626959562302e-03
7.549699861556291580e-03
7.442628964781761169e-03
1.640239264816045761e-03
2.833036240190267563e-03
7.993837818503379822e-03
2.028506482020020485e-03
2.629594877362251282e-03
1.358947250992059708e-03
7.715711835771799088e-03
4.267322123050689697e-01
1.072493614628911018e-03
1.182406302541494370e-02
4.402871709316968918e-03
1.981742680072784424e-03
1.001227274537086487e-01
3.240581974387168884e-02
4.634155484382063150e-04
2.495937747880816460e-03
4.632616415619850159e-03
1.130903721787035465e-03
9.319605305790901184e-03
9.148857207037508488e-04
6.611722521483898163e-03
1.412588078528642654e-02
4.254277329891920090e-03
1.552273752167820930e-03
2.924847649410367012e-03
2.203067997470498085e-03
7.578812073916196823e-04
4.945450462400913239e-03
6.086158828111365438e-05
2.681407146155834198e-03
1.295833499170839787e-03
4.880239721387624741e-03
4.631684278137981892e-04
5.200538635253906250e-01
1.492402981966733932e-02
4.329815506935119629e-03
4.246352706104516983e-03
4.120597615838050842e-03
1.740820854902267456e-01
1.810321956872940063e-01
1.584751345217227936e-02
9.116270579397678375e-03
1.590587431564927101e-03
2.792104613035917282e-03
2.925402857363224030e-02
1.170431845821440220e-03
3.287242026999592781e-03
8.175771217793226242e-04
7.843316793441772461e-01
4.771575797349214554e-03
2.317795297130942345e-03
1.345973461866378784e-03
4.772002622485160828e-02
1.635613739490509033e-01
6.032231263816356659e-03
1.992687815800309181e-03
3.881543409079313278e-03
2.076820237562060356e-03
8.721458725631237030e-04
2.504199277609586716e-03
1.965599367395043373e-03
6.241636350750923157e-03
8.278152905404567719e-03
8.067892864346504211e-03
1.484773820266127586e-03
2.625875174999237061e-03
2.191354036331176758e-01
1.977363368496298790e-03
2.987123792991042137e-03
1.274503651075065136e-03
8.088210821151733398e-01
3.731850981712341309e-01
1.079243025742471218e-03
1.062926929444074631e-02
5.080299451947212219e-03
2.188154263421893120e-03
1.047137081623077393e-01
4.624265246093273163e-03
5.617009010165929794e-04
4.371207333473720571e-23
1.804509329361006823e-16
6.175736276672416994e-15
8.569554685969144446e-29
1.992071188855478395e-35
2.130410285075223201e-18
1.252178212675354799e-27
1.877427683802390668e-12
1.579844203695999653e-33
1.029900467429819875e-33
9.999877810478210449e-01
8.057147651363640813e-35
6.352803172404719589e-09
4.159822820903417496e-35
5.649011803037645718e-15
3.360039781108169816e-27
4.864782354729868530e-09
0.000000000000000000e+00
2.103975566569715738e-04
0.000000000000000000e+00
1.483081528171460804e-15
3.299411706692567350e-33
4.747559776263638635e-24
1.716246894734481251e-25
8.577340635800966231e-36
9.335511117865886613e-21
9.978120326995849609e-01
0.000000000000000000e+00
7.989812499892706930e-20
2.383076951467219944e-29
1.586837757548698047e-12
2.368362140807743793e-34
0.000000000000000000e+00
1.123244857126337592e-07
2.513182859240880555e-22
1.157505755881597543e-27
8.032504713023246514e-20
1.673338261798022270e-27
5.266214686550085844e-10
9.602164595143896736e-30
1.535982063475096161e-18
6.865115143028788225e-09
4.405505094843414904e-13
4.191388379491504945e-15
4.988236074643202446e-28
8.283678166609490888e-23
2.127983023487789503e-32
7.545030214380841432e-21
1.766895903071267589e-30
2.008899622689020178e-26
1.969435469235779103e-26
3.491523476589764030e-12
2.004302722868802483e-15
9.999094605445861816e-01
1.494473023291210777e-24
1.457141262553883161e-28
3.750345574458219255e-13
5.358806037023108339e-36
2.391162468029506272e-07
0.000000000000000000e+00
8.736641145706889576e-29
1.950524398091108847e-21
1.275357711706148266e-25
0.000000000000000000e+00
